   3.5553359e+02   1.1135543e+02
   3.5634742e+02   2.0397237e+02
   3.5694736e+02   3.4477139e+02
   3.5881785e+02   4.8401389e+02
   3.5879182e+02   5.7702080e+02
   3.5803138e+02   4.3770538e+02
   3.6024964e+02   6.6946446e+02
   3.6050514e+02   8.5588625e+02
   3.6113102e+02   7.6266124e+02
   3.5991049e+02   9.4966447e+02
   3.6168089e+02   1.1837705e+03
   3.6149579e+02   1.0904406e+03
   3.8829817e+02   6.6965645e+01
   3.8871130e+02   1.5934155e+02
   3.8905192e+02   2.5197027e+02
   3.9053590e+02   2.9696969e+02
   3.9135149e+02   3.9019370e+02
   3.9249328e+02   5.3151149e+02
   3.9283719e+02   6.2449572e+02
   3.9430362e+02   9.0378478e+02
   3.9350930e+02   9.9637227e+02
   3.9469135e+02   7.1727443e+02
   3.9546456e+02   1.1369922e+03
   3.9504753e+02   8.1039720e+02
   3.9611762e+02   1.0431785e+03
   4.2248658e+02   1.1156040e+02
   4.2314118e+02   2.0416340e+02
   4.2407863e+02   3.4492503e+02
   4.2494577e+02   4.3775859e+02
   4.2608781e+02   4.8375901e+02
   4.2605598e+02   5.7689842e+02
   4.2703153e+02   6.6939429e+02
   4.2742737e+02   9.4939501e+02
   4.2867717e+02   1.0903149e+03
   4.2877139e+02   1.1837030e+03
   4.2829499e+02   7.6263028e+02
   4.2802010e+02   8.5596816e+02
   4.5492626e+02   6.7122030e+01
   4.5577596e+02   1.5934262e+02
   4.5662637e+02   2.5187497e+02
   4.5798035e+02   3.9061461e+02
   4.5772609e+02   2.9767885e+02
   4.5996520e+02   5.3146951e+02
   4.5991768e+02   6.2456494e+02
   4.6140245e+02   7.1739269e+02
   4.6178581e+02   9.0333574e+02
   4.6111445e+02   9.9640474e+02
   4.6263309e+02   1.1369668e+03
   4.6188553e+02   8.1020966e+02
   4.6332966e+02   1.0429987e+03
   4.8919152e+02   1.1154680e+02
   4.9004140e+02   2.0427151e+02
   4.9121534e+02   3.4514329e+02
   4.9215180e+02   4.3786696e+02
   4.9360333e+02   4.8397089e+02
   4.9303596e+02   5.7681568e+02
   4.9411912e+02   6.6936303e+02
   4.9475963e+02   9.4907650e+02
   4.9513834e+02   7.6272975e+02
   4.9494170e+02   8.5571838e+02
   4.9618063e+02   1.1836192e+03
   4.9613845e+02   1.0903722e+03
   5.2199949e+02   6.6915142e+01
   5.2289558e+02   1.5951085e+02
   5.2362133e+02   2.5206076e+02
   5.2514090e+02   3.9060145e+02
   5.2472100e+02   2.9769318e+02
   5.2692813e+02   5.3153113e+02
   5.2654353e+02   6.2472865e+02
   5.2821563e+02   7.1734800e+02
   5.2843577e+02   9.9627044e+02
   5.2866139e+02   8.1056444e+02
   5.2880431e+02   9.0342160e+02
   5.3058775e+02   1.0430002e+03
   5.2993782e+02   1.1367292e+03
   5.5580989e+02   1.1143763e+02
   5.5675072e+02   2.0429958e+02
   5.5824109e+02   3.4533816e+02
   5.5893453e+02   4.3793235e+02
   5.6035878e+02   4.8418242e+02
   5.6004528e+02   5.7673967e+02
   5.6066755e+02   6.6955296e+02
   5.6155980e+02   8.5556165e+02
   5.6193956e+02   9.4933013e+02
   5.6179845e+02   7.6263611e+02
   5.6334906e+02   1.1835496e+03
   5.6336931e+02   1.0904205e+03
   5.8873216e+02   6.7058567e+01
   5.8953736e+02   1.5956469e+02
   5.9052535e+02   2.5201721e+02
   5.9197970e+02   3.9100358e+02
   5.9163753e+02   2.9772524e+02
   5.9364363e+02   5.3141554e+02
   5.9372486e+02   6.2472111e+02
   5.9483441e+02   7.1737853e+02
   5.9555999e+02   9.0361398e+02
   5.9564056e+02   9.9635377e+02
   5.9534084e+02   8.1064735e+02
   5.9752025e+02   1.0428219e+03
   5.9695781e+02   1.1364673e+03
   6.2293295e+02   1.1153104e+02
   6.2393725e+02   2.0441160e+02
   6.2525169e+02   3.4539438e+02
   6.2589199e+02   4.3826410e+02
   6.2662366e+02   5.7679058e+02
   6.2689723e+02   4.8392123e+02
   6.2762148e+02   6.6953069e+02
   6.2854556e+02   7.6269002e+02
   6.2848921e+02   8.5562715e+02
   6.3040532e+02   1.1837896e+03
   6.2921304e+02   9.4922553e+02
   6.3022893e+02   1.0901320e+03
   6.5583421e+02   6.6905335e+01
   6.5669802e+02   1.5927093e+02
   6.5863465e+02   2.9769917e+02
   6.5754385e+02   2.5206619e+02
   6.5902520e+02   3.9084506e+02
   6.6041490e+02   5.3167343e+02
   6.6056743e+02   6.2467155e+02
   6.6160979e+02   7.1726551e+02
   6.6218167e+02   8.1064179e+02
   6.6254007e+02   9.0349322e+02
   6.6239805e+02   9.9638127e+02
   6.6387826e+02   1.1364864e+03
   6.6457512e+02   1.0427071e+03
   6.8997314e+02   1.1136934e+02
   6.9039941e+02   2.0436154e+02
   6.9283019e+02   4.3813241e+02
   6.9246750e+02   3.4553402e+02
   6.9368127e+02   4.8407050e+02
   6.9361240e+02   5.7695351e+02
   6.9478099e+02   6.6962212e+02
   6.9556445e+02   8.5558427e+02
   6.9547481e+02   7.6265900e+02
   6.9609501e+02   9.4932701e+02
   6.9730596e+02   1.0901734e+03
   6.9762683e+02   1.1835648e+03
   7.2284483e+02   6.6939769e+01
   7.2356598e+02   1.5898899e+02
   7.2438186e+02   2.5227318e+02
   7.2550799e+02   2.9766750e+02
   7.2727787e+02   6.2454576e+02
   7.2621766e+02   3.9065079e+02
   7.2725979e+02   5.3139129e+02
   7.2831397e+02   7.1725036e+02
   7.2945202e+02   8.1037670e+02
   7.2934005e+02   9.9627582e+02
   7.2966051e+02   9.0366394e+02
   7.3128931e+02   1.0426055e+03
   7.3093791e+02   1.1362672e+03
   7.5694656e+02   1.1107100e+02
   7.5750445e+02   2.0418078e+02
   7.5970504e+02   3.4545574e+02
   7.5984141e+02   4.3812375e+02
   7.6044776e+02   5.7675408e+02
   7.6050349e+02   4.8378288e+02
   7.6167628e+02   6.6950680e+02
   7.6254029e+02   7.6246819e+02
   7.6273783e+02   8.5580426e+02
   7.6343664e+02   9.4911189e+02
   7.6456303e+02   1.0901220e+03
   7.6478449e+02   1.1833900e+03
   7.9025289e+02   6.6641915e+01
   7.9089451e+02   1.5898020e+02
   7.9174066e+02   2.5223940e+02
   7.9329530e+02   3.9072923e+02
   7.9426288e+02   5.3142393e+02
   7.9406494e+02   6.2453747e+02
   7.9266596e+02   2.9790055e+02
   7.9571795e+02   7.1738356e+02
   7.9665538e+02   9.0334732e+02
   7.9650713e+02   8.1038610e+02
   7.9634746e+02   9.9622341e+02
   7.9827683e+02   1.1361392e+03
   7.9866247e+02   1.0422207e+03
   8.2407213e+02   1.1142077e+02
   8.2444060e+02   2.0416833e+02
   8.2630140e+02   3.4546308e+02
   8.2745442e+02   4.8385513e+02
   8.2745302e+02   5.7685315e+02
   8.2663639e+02   4.3813279e+02
   8.2868269e+02   6.6922622e+02
   8.2947265e+02   7.6254786e+02
   8.3017772e+02   9.4887438e+02
   8.2969253e+02   8.5530650e+02
   8.3158760e+02   1.0899087e+03
   8.3198473e+02   1.1834619e+03
   8.5746188e+02   6.6565833e+01
   8.5843691e+02   1.5899207e+02
   8.5855692e+02   2.5209661e+02
   8.5924879e+02   2.9769574e+02
   8.5991913e+02   3.9048691e+02
   8.6116065e+02   5.3125457e+02
   8.6132966e+02   6.2455923e+02
   8.6258223e+02   7.1711194e+02
   8.6338796e+02   8.1009839e+02
   8.6339343e+02   9.9620316e+02
   8.6336071e+02   9.0334771e+02
   8.6553325e+02   1.0423773e+03
   8.6511498e+02   1.1357685e+03
   8.9129505e+02   1.1116825e+02
   8.9167051e+02   2.0409980e+02
   8.9315033e+02   3.4537009e+02
   8.9342973e+02   4.3789234e+02
   8.9446730e+02   4.8374320e+02
   8.9433049e+02   5.7660861e+02
   8.9546411e+02   6.6921276e+02
   8.9630318e+02   7.6229511e+02
   8.9690474e+02   9.4895093e+02
   8.9660745e+02   8.5545808e+02
   8.9844710e+02   1.0899074e+03
   8.9883817e+02   1.1831356e+03
   9.2455208e+02   6.6454910e+01
   9.2577666e+02   2.5172271e+02
   9.2575025e+02   1.5900605e+02
   9.2599053e+02   2.9755866e+02
   9.2677707e+02   3.9044990e+02
   9.2765869e+02   6.2439647e+02
   9.2801593e+02   5.3115608e+02
   9.2922130e+02   7.1709822e+02
   9.3008186e+02   8.1006571e+02
   9.3024583e+02   9.0340861e+02
   9.3036551e+02   9.9610553e+02
   9.3235804e+02   1.1358534e+03
   9.3243513e+02   1.0422925e+03
   9.5872491e+02   1.1101528e+02
   9.5877703e+02   2.0392554e+02
   9.5986716e+02   3.4500617e+02
   9.6114683e+02   4.8341366e+02
   9.6093818e+02   5.7651161e+02
   9.6044697e+02   4.3781006e+02
   9.6222817e+02   6.6906834e+02
   9.6314628e+02   8.5519972e+02
   9.6291121e+02   7.6213885e+02
   9.6396514e+02   9.4876946e+02
   9.6552073e+02   1.0896929e+03
   9.6627112e+02   1.1832576e+03
   9.9198961e+02   6.6455610e+01
   9.9276321e+02   1.5883215e+02
   9.9294850e+02   2.9744548e+02
   9.9335434e+02   3.9024081e+02
   9.9280068e+02   2.5172207e+02
   9.9469788e+02   5.3092097e+02
   9.9475651e+02   6.2417248e+02
   9.9604928e+02   7.1712124e+02
   9.9733329e+02   9.0322741e+02
   9.9719474e+02   8.0984628e+02
   9.9695085e+02   9.9584993e+02
   9.9951011e+02   1.1354259e+03
   9.9957641e+02   1.0418112e+03
   1.0260189e+03   1.1116623e+02
   1.0260586e+03   2.0405630e+02
   1.0266816e+03   3.4511673e+02
   1.0274241e+03   4.3799493e+02
   1.0279683e+03   4.8353979e+02
   1.0279733e+03   5.7640029e+02
   1.0291650e+03   6.6923333e+02
   1.0302833e+03   8.5494728e+02
   1.0298643e+03   7.6229072e+02
   1.0310243e+03   9.4876535e+02
   1.0326172e+03   1.0896292e+03
   1.0333264e+03   1.1829195e+03
   1.0592252e+03   6.6435035e+01
   1.0597863e+03   1.5887172e+02
   1.0601273e+03   2.5163056e+02
   1.0598321e+03   2.9748239e+02
   1.0602502e+03   3.9027786e+02
   1.0617545e+03   5.3107717e+02
   1.0617964e+03   6.2410503e+02
   1.0630218e+03   7.1688277e+02
   1.0636940e+03   8.0969213e+02
   1.0642343e+03   9.0281316e+02
   1.0640612e+03   9.9583758e+02
   1.0664118e+03   1.1351898e+03
   1.0667484e+03   1.0419781e+03
   1.0932248e+03   2.0400647e+02
   1.0931367e+03   1.1106788e+02
   1.0938457e+03   3.4503151e+02
   1.0942228e+03   4.3773690e+02
   1.0949151e+03   4.8322098e+02
   1.0947056e+03   5.7636569e+02
   1.0963595e+03   7.6198414e+02
   1.0960207e+03   6.6908681e+02
   1.0973728e+03   8.5480046e+02
   1.0979508e+03   9.4865396e+02
   1.0998595e+03   1.0893752e+03
   1.1005975e+03   1.1826084e+03
   1.1261569e+03   6.6279300e+01
   1.1272528e+03   2.5156755e+02
   1.1273158e+03   3.9008597e+02
   1.1269355e+03   1.5890113e+02
   1.1270878e+03   2.9710380e+02
   1.1286021e+03   5.3111673e+02
   1.1284987e+03   6.2402590e+02
   1.1296947e+03   7.1692139e+02
   1.1306725e+03   8.0963231e+02
   1.1311695e+03   9.0309689e+02
   1.1312006e+03   9.9565779e+02
   1.1336709e+03   1.1351588e+03
   1.1340802e+03   1.0417545e+03
   1.1606945e+03   3.4505960e+02
   1.1600351e+03   1.1114246e+02
   1.1606263e+03   2.0393958e+02
   1.1613608e+03   4.3765382e+02
   1.1620153e+03   4.8298934e+02
   1.1619219e+03   5.7615338e+02
   1.1631828e+03   6.6878283e+02
   1.1632135e+03   7.6184367e+02
   1.1645862e+03   8.5464338e+02
   1.1650974e+03   9.4821591e+02
   1.1671921e+03   1.0892855e+03
   1.1678995e+03   1.1825104e+03
   1.1932073e+03   6.6061484e+01
   1.1941296e+03   1.5868322e+02
   1.1944427e+03   2.5159125e+02
   1.1944449e+03   2.9706963e+02
   1.1946661e+03   3.8999461e+02
   1.1955775e+03   6.2388950e+02
   1.1954661e+03   5.3087955e+02
   1.1966657e+03   7.1670335e+02
   1.1976387e+03   8.0928731e+02
   1.1984140e+03   9.9534822e+02
   1.1983600e+03   9.0265021e+02
   1.2011875e+03   1.1347634e+03
   1.2016152e+03   1.0416504e+03
   1.2267788e+03   1.1087082e+02
   1.2274067e+03   2.0354775e+02
   1.2280326e+03   3.4463417e+02
   1.2287940e+03   4.3743531e+02
   1.2293374e+03   4.8308866e+02
   1.2291876e+03   5.7594920e+02
   1.2303678e+03   6.6873813e+02
   1.2307402e+03   7.6186812e+02
   1.2317705e+03   8.5437999e+02
   1.2323996e+03   9.4807007e+02
   1.2346761e+03   1.0889725e+03
   1.2355542e+03   1.1823228e+03
   1.2605345e+03   6.6119026e+01
   1.2618079e+03   2.9695416e+02
   1.2611878e+03   1.5847717e+02
   1.2617248e+03   2.5136134e+02
   1.2631164e+03   6.2383331e+02
   1.2621461e+03   3.8976327e+02
   1.2629528e+03   5.3072279e+02
   1.2641245e+03   7.1663036e+02
   1.2650584e+03   8.0924855e+02
   1.2653085e+03   9.0251399e+02
   1.2658311e+03   9.9517301e+02
   1.2689710e+03   1.0412968e+03
   1.2687108e+03   1.1346323e+03
   1.2941303e+03   1.1078820e+02
   1.2949788e+03   2.0358780e+02
   1.2954919e+03   3.4456284e+02
   1.2961146e+03   4.3728713e+02
   1.2972967e+03   6.6862547e+02
   1.2968550e+03   4.8295338e+02
   1.2967307e+03   5.7579649e+02
   1.2980123e+03   7.6177184e+02
   1.2987809e+03   8.5418452e+02
   1.2995534e+03   9.4772480e+02
   1.3022355e+03   1.0888482e+03
   1.3028367e+03   1.1821231e+03
   1.3276332e+03   6.5807490e+01
   1.3285440e+03   1.5834313e+02
   1.3290984e+03   2.9672377e+02
   1.3294508e+03   3.8961314e+02
   1.3300961e+03   5.3039126e+02
   1.3290923e+03   2.5109516e+02
   1.3304980e+03   6.2343197e+02
   1.3314820e+03   7.1618095e+02
   1.3322372e+03   8.0893291e+02
   1.3329443e+03   9.9498215e+02
   1.3329449e+03   9.0226262e+02
   1.3365170e+03   1.1346011e+03
   1.3366759e+03   1.0411700e+03
   1.3614874e+03   1.1049256e+02
   1.3623695e+03   2.0353699e+02
   1.3628775e+03   3.4418623e+02
   1.3634280e+03   4.8257979e+02
   1.3634594e+03   4.3706855e+02
   1.3640950e+03   5.7537996e+02
   1.3654218e+03   7.6135905e+02
   1.3646748e+03   6.6836551e+02
   1.3662454e+03   8.5394666e+02
   1.3668278e+03   9.4752205e+02
   1.3700260e+03   1.0885172e+03
   1.3705993e+03   1.1818209e+03
   1.3948641e+03   6.5713184e+01
   1.3957267e+03   1.5813031e+02
   1.3962439e+03   2.5103037e+02
   1.3965211e+03   2.9666340e+02
   1.3968013e+03   3.8952240e+02
   1.3972385e+03   5.3022387e+02
   1.3974523e+03   6.2310743e+02
   1.3984084e+03   7.1589156e+02
   1.3995952e+03   8.0863891e+02
   1.4001907e+03   9.9459179e+02
   1.4002004e+03   9.0179262e+02
   1.4042380e+03   1.0411441e+03
   1.4039143e+03   1.1342577e+03
   1.4289353e+03   1.1020613e+02
   1.4297839e+03   2.0340373e+02
   1.4302374e+03   3.4394350e+02
   1.4307151e+03   4.3669752e+02
   1.4310409e+03   4.8246452e+02
   1.4313469e+03   5.7526546e+02
   1.4321265e+03   6.6803997e+02
   1.4325884e+03   7.6124333e+02
   1.4332679e+03   8.5372860e+02
   1.4340637e+03   9.4714223e+02
   1.4372674e+03   1.0879955e+03
   1.4378404e+03   1.1814775e+03
   1.4622562e+03   6.5433333e+01
   1.4631956e+03   1.5798727e+02
   1.4637971e+03   3.8941262e+02
   1.4636871e+03   2.5075049e+02
   1.4640408e+03   2.9650632e+02
   1.4646211e+03   5.2990478e+02
   1.4649030e+03   6.2296228e+02
   1.4659398e+03   7.1571100e+02
   1.4666512e+03   8.0841419e+02
   1.4674203e+03   9.9456462e+02
   1.4672696e+03   9.0175002e+02
   1.4717049e+03   1.0407883e+03
   1.4714730e+03   1.1339265e+03
   1.4963246e+03   1.1015177e+02
   1.4977738e+03   4.3629556e+02
   1.4974015e+03   2.0319818e+02
   1.4974461e+03   3.4377535e+02
   1.4983472e+03   5.7491448e+02
   1.4981678e+03   4.8209287e+02
   1.4991304e+03   6.6787463e+02
   1.4997021e+03   7.6093637e+02
   1.5003817e+03   8.5348277e+02
   1.5014661e+03   9.4680872e+02
   1.5047932e+03   1.0877872e+03
   1.5053562e+03   1.1813801e+03
   1.5303378e+03   6.4658886e+01
   1.5308328e+03   1.5755153e+02
   1.5311384e+03   2.5037543e+02
   1.5312486e+03   2.9597165e+02
   1.5313262e+03   3.8919511e+02
   1.5318424e+03   5.2954070e+02
   1.5322041e+03   6.2272033e+02
   1.5332936e+03   7.1537231e+02
   1.5340184e+03   8.0808458e+02
   1.5347902e+03   9.0144265e+02
   1.5348352e+03   9.9410614e+02
   1.5386559e+03   1.1335715e+03
   1.5391412e+03   1.0404469e+03
   1.5645130e+03   2.0295520e+02
   1.5648984e+03   4.3622857e+02
   1.5641051e+03   1.0989407e+02
   1.5646387e+03   3.4340447e+02
   1.5658356e+03   5.7484484e+02
   1.5655905e+03   4.8202475e+02
   1.5664708e+03   6.6752040e+02
   1.5671779e+03   7.6056250e+02
   1.5678700e+03   8.5333851e+02
   1.5688555e+03   9.4646006e+02
   1.5720804e+03   1.0874331e+03
   1.5727331e+03   1.1808444e+03
   1.5981948e+03   6.4252363e+01
   1.5981382e+03   1.5742481e+02
   1.5985167e+03   3.8900224e+02
   1.5988913e+03   5.2940267e+02
   1.5985405e+03   2.5024664e+02
   1.5983262e+03   2.9599080e+02
   1.5997209e+03   6.2224647e+02
   1.6003890e+03   7.1501675e+02
   1.6011581e+03   8.0780107e+02
   1.6021249e+03   9.0106079e+02
   1.6019249e+03   9.9384472e+02
   1.6063310e+03   1.0401939e+03
   1.6060610e+03   1.1333145e+03
   1.6315584e+03   1.0949202e+02
   1.6321650e+03   2.0254522e+02
   1.6318117e+03   3.4307982e+02
   1.6321465e+03   4.3578408e+02
   1.6325856e+03   4.8176038e+02
   1.6330486e+03   5.7417044e+02
   1.6335783e+03   6.6705679e+02
   1.6344293e+03   7.6003389e+02
   1.6352971e+03   8.5281145e+02
   1.6360844e+03   9.4612248e+02
